10 0.6710 0.6877 0.6580 0.6246
8 0.8920 0.8348 0.2160 0.3303
8 0.1610 0.8273 0.2540 0.3453
14 0.2150 0.6652 0.3060 0.6697
14 0.2680 0.5511 0.1880 0.4414
14 0.3310 0.4910 0.1140 0.3634
14 0.4120 0.4219 0.1280 0.2973
14 0.4510 0.3844 0.0780 0.1562
14 0.3040 0.2492 0.0840 0.2643
14 0.5670 0.3198 0.1100 0.1351
14 0.7040 0.2868 0.0680 0.0511
14 0.7850 0.2898 0.0620 0.0691
14 0.9440 0.3514 0.0680 0.1201
14 0.7660 0.6892 0.3280 0.6156
14 0.7800 0.4505 0.2200 0.2823
14 0.7100 0.4114 0.1080 0.2523
14 0.6860 0.3799 0.0560 0.1592
