1 0.7550 0.5973 0.0620 0.0373
1 0.7060 0.5640 0.0520 0.0347
1 0.6740 0.5893 0.0560 0.0480
1 0.5990 0.5627 0.0420 0.0427
1 0.5720 0.5893 0.0480 0.0427
1 0.5260 0.5880 0.0200 0.0293
1 0.4950 0.5920 0.0460 0.0427
1 0.4390 0.5893 0.0420 0.0480
1 0.3840 0.5880 0.0360 0.0400
1 0.3310 0.5907 0.0340 0.0293
1 0.2850 0.5867 0.0340 0.0373
1 0.2510 0.5867 0.0300 0.0373
1 0.2150 0.5800 0.0260 0.0400
1 0.1860 0.5880 0.0280 0.0240
14 0.7530 0.5640 0.0380 0.0667
14 0.6980 0.5373 0.0360 0.0613
14 0.6700 0.5627 0.0320 0.0640
14 0.5960 0.5360 0.0280 0.0587
14 0.5650 0.5587 0.0340 0.0560
14 0.5110 0.5493 0.0220 0.0373
14 0.4920 0.5667 0.0320 0.0613
14 0.4350 0.5613 0.0300 0.0560
14 0.3800 0.5640 0.0280 0.0453
14 0.3290 0.5680 0.0220 0.0373
14 0.2830 0.5600 0.0260 0.0427
14 0.2480 0.5667 0.0200 0.0347
14 0.2150 0.5653 0.0180 0.0373
14 0.1840 0.5573 0.0200 0.0373
