14 0.4130 0.5181 0.0420 0.0942
14 0.3420 0.4982 0.0480 0.1703
14 0.0430 0.5888 0.0340 0.0906
14 0.0290 0.6359 0.0460 0.1051
14 0.0280 0.6703 0.0480 0.1304
14 0.0300 0.7826 0.0560 0.1594
14 0.0870 0.6250 0.0300 0.1268
14 0.1150 0.6757 0.0540 0.1993
14 0.1720 0.6902 0.0840 0.1848
8 0.2330 0.8315 0.0620 0.1703
8 0.3080 0.9330 0.0680 0.1341
8 0.1360 0.8750 0.0920 0.2428
14 0.3030 0.6993 0.0660 0.2826
14 0.4360 0.8315 0.0560 0.3297
14 0.5140 0.8170 0.0960 0.3587
14 0.4490 0.6540 0.0540 0.2428
14 0.5120 0.6051 0.0320 0.2029
14 0.5530 0.6178 0.0260 0.2065
14 0.5870 0.6069 0.0380 0.2210
14 0.5810 0.6359 0.0460 0.2065
14 0.6320 0.6268 0.0440 0.1884
14 0.6740 0.6051 0.0280 0.2174
14 0.6990 0.6286 0.0340 0.1920
14 0.7200 0.7301 0.0400 0.3225
14 0.8040 0.6812 0.0520 0.2681
14 0.7670 0.6304 0.0260 0.2391
14 0.8470 0.7572 0.0340 0.3696
14 0.8590 0.5870 0.0340 0.1522
14 0.9050 0.5525 0.0340 0.0978
14 0.9680 0.6178 0.0480 0.1051
6 0.2910 0.6214 0.3860 0.2645
14 0.9110 0.6250 0.0380 0.0688
14 0.9820 0.8333 0.0360 0.3261
14 0.9150 0.8370 0.1140 0.3188
14 0.7090 0.9420 0.0900 0.1159
