15 0.0910 0.4953 0.0580 0.1442
15 0.1480 0.5000 0.0520 0.1442
15 0.2100 0.5000 0.0640 0.1442
15 0.1900 0.2814 0.0800 0.3023
15 0.2680 0.3814 0.0480 0.0837
15 0.2700 0.4953 0.0600 0.1442
15 0.3280 0.4953 0.0560 0.1442
15 0.3860 0.4512 0.0600 0.0930
15 0.4390 0.4512 0.0540 0.1116
15 0.4930 0.4442 0.0580 0.1163
15 0.5460 0.4000 0.0560 0.1581
15 0.6080 0.3767 0.0640 0.2140
15 0.6620 0.3581 0.0640 0.1674
15 0.7180 0.3186 0.0680 0.1721
15 0.7620 0.2884 0.0520 0.1767
15 0.8060 0.2535 0.0480 0.1628
15 0.8460 0.1953 0.0440 0.2140
15 0.6930 0.5674 0.0460 0.0651
15 0.7270 0.6535 0.0500 0.1349
15 0.6500 0.5651 0.0600 0.1256
15 0.6030 0.6023 0.0580 0.1256
15 0.5610 0.5047 0.0700 0.1070
15 0.4820 0.5651 0.0680 0.1721
15 0.3910 0.5558 0.1060 0.2000
15 0.2980 0.6233 0.0880 0.1302
15 0.1950 0.6488 0.1100 0.1907
15 0.6820 0.6628 0.0560 0.1256
15 0.6770 0.7814 0.0620 0.1674
15 0.6150 0.8093 0.0620 0.1488
15 0.5640 0.7395 0.0520 0.1767
15 0.4930 0.7512 0.0780 0.2093
15 0.4140 0.6814 0.0440 0.0605
15 0.3680 0.6814 0.0440 0.0791
15 0.4400 0.7605 0.0360 0.1163
15 0.3900 0.7907 0.0760 0.1674
15 0.3210 0.7791 0.0620 0.1907
15 0.2190 0.8512 0.1580 0.2791
