6 0.4830 0.6013 0.6660 0.6587
6 0.7670 0.4493 0.4660 0.4240
6 0.1630 0.2547 0.0940 0.1200
6 0.3010 0.2440 0.1140 0.0827
6 0.4430 0.2427 0.1260 0.0853
6 0.5610 0.2413 0.1260 0.0667
6 0.6520 0.2333 0.0720 0.0453
6 0.6200 0.2040 0.0680 0.0293
6 0.0270 0.2573 0.0500 0.1253
14 0.1180 0.2480 0.0640 0.1867
14 0.9320 0.2187 0.0320 0.0907
14 0.8970 0.2133 0.0380 0.1013
14 0.7290 0.2013 0.0340 0.0613
14 0.5880 0.2107 0.0400 0.1227
14 0.2310 0.2280 0.0380 0.1307
14 0.3570 0.2147 0.0260 0.1093
14 0.4060 0.2013 0.0280 0.0507
14 0.3150 0.1880 0.0180 0.0347
14 0.3360 0.2027 0.0200 0.0640
