8 0.8780 0.7280 0.0440 0.1333
8 0.6950 0.8000 0.0740 0.1387
8 0.4930 0.8987 0.0820 0.1760
8 0.7220 0.7293 0.0680 0.1200
8 0.2390 0.9387 0.1060 0.1120
8 0.7990 0.7653 0.0620 0.1120
8 0.6140 0.8547 0.0760 0.1413
10 0.7760 0.7173 0.0920 0.1227
10 0.3690 0.9120 0.1500 0.1547
14 0.5400 0.7667 0.0600 0.2480
14 0.2620 0.9027 0.1440 0.1947
14 0.4400 0.8933 0.0600 0.1973
14 0.4020 0.7893 0.0640 0.1227
14 0.6260 0.8240 0.1040 0.1920
14 0.7990 0.7173 0.0620 0.1440
14 0.9770 0.6240 0.0460 0.2080
14 0.8360 0.6987 0.0720 0.1867
3 0.5890 0.2480 0.1140 0.0427
