4 0.0850 0.6000 0.0740 0.2613
4 0.2220 0.5493 0.0680 0.2987
4 0.2990 0.5253 0.0700 0.2507
4 0.3700 0.5160 0.0560 0.2160
4 0.4300 0.5053 0.0640 0.2053
4 0.4940 0.5293 0.0480 0.2213
4 0.5470 0.5507 0.0500 0.2853
4 0.6040 0.5573 0.0560 0.2880
4 0.6620 0.5640 0.0600 0.2907
4 0.7240 0.5653 0.0520 0.2880
4 0.7860 0.5760 0.0680 0.2827
4 0.4880 0.8200 0.1400 0.3547
4 0.6060 0.8493 0.1320 0.3013
14 0.1330 0.3027 0.2180 0.4187
14 0.3150 0.1893 0.0940 0.2613
14 0.6630 0.3147 0.1700 0.2880
14 0.4360 0.3933 0.1800 0.2747
14 0.6720 0.4240 0.1560 0.2400
14 0.8000 0.3227 0.1080 0.2827
14 0.7210 0.2960 0.1140 0.2667
14 0.4400 0.2827 0.2280 0.3307
14 0.9280 0.3027 0.1160 0.2107
14 0.8640 0.2947 0.0680 0.1680
14 0.9700 0.3093 0.0600 0.1707
14 0.2990 0.2853 0.1140 0.1867
14 0.0370 0.2000 0.0700 0.3947
