1 0.5210 0.6213 0.1020 0.2784
1 0.9240 0.6332 0.0920 0.2964
1 0.6050 0.5943 0.0860 0.2365
1 0.6730 0.5449 0.0500 0.2275
1 0.3960 0.6781 0.1040 0.3024
1 0.2000 0.4566 0.0680 0.1527
14 0.9120 0.5000 0.1040 0.4431
14 0.5120 0.4775 0.0960 0.3862
14 0.6000 0.4671 0.0840 0.3353
14 0.1980 0.3877 0.0640 0.2305
14 0.6420 0.3593 0.0680 0.1916
14 0.7250 0.4237 0.0620 0.3383
14 0.7720 0.4072 0.0400 0.3293
14 0.9380 0.3174 0.0560 0.1916
14 0.6890 0.4027 0.0580 0.3144
14 0.1160 0.4985 0.0880 0.4701
14 0.2860 0.3578 0.0440 0.2246
14 0.0580 0.4596 0.0720 0.4401
14 0.4930 0.2710 0.0180 0.0569
14 0.4650 0.2455 0.0220 0.0539
14 0.4460 0.2889 0.0400 0.1168
14 0.4100 0.2799 0.0240 0.0389
14 0.3250 0.3623 0.0340 0.2335
14 0.2440 0.3608 0.0520 0.2186
14 0.2070 0.2695 0.0300 0.0719
14 0.0180 0.3503 0.0320 0.1198
