15 0.5090 0.2013 0.1020 0.0720
15 0.3610 0.2693 0.0940 0.0693
15 0.4660 0.3547 0.0920 0.0907
15 0.3090 0.3600 0.1180 0.1707
15 0.3770 0.4360 0.1020 0.1787
15 0.4960 0.5400 0.1800 0.3173
15 0.6460 0.4307 0.1840 0.3920
15 0.8180 0.6227 0.2160 0.4400
15 0.1210 0.6293 0.1660 0.3520
15 0.0270 0.7600 0.0500 0.3200
15 0.0690 0.3960 0.1340 0.1680
15 0.0650 0.4840 0.1260 0.1467
15 0.1520 0.3333 0.0440 0.1333
15 0.1190 0.3653 0.0500 0.1067
15 0.0890 0.3040 0.0460 0.1067
15 0.0880 0.1587 0.0720 0.1627
15 0.0320 0.1520 0.0560 0.1547
15 0.9590 0.6400 0.0820 0.3307
15 0.9490 0.2973 0.0820 0.1787
15 0.9500 0.4547 0.1000 0.1520
