4 0.4880 0.7430 0.1227 0.1980
4 0.2720 0.6760 0.1653 0.2160
4 0.3093 0.6130 0.1333 0.2020
4 0.4213 0.6590 0.1067 0.2140
4 0.5320 0.6270 0.1200 0.2380
4 0.5640 0.4840 0.1467 0.2800
4 0.7773 0.4160 0.1200 0.2040
4 0.6707 0.4110 0.1040 0.2580
4 0.5933 0.4570 0.0880 0.1940
4 0.4027 0.5410 0.1227 0.1540
4 0.3160 0.4840 0.0987 0.1560
4 0.3440 0.3960 0.1067 0.1560
4 0.3747 0.3520 0.0773 0.1160
4 0.4347 0.3150 0.0800 0.1300
4 0.4547 0.4340 0.0773 0.1080
4 0.4400 0.5100 0.1173 0.2000
4 0.6013 0.3590 0.0667 0.1460
4 0.6160 0.2810 0.0640 0.1340
4 0.6427 0.2330 0.0747 0.1220
4 0.7133 0.2200 0.0507 0.0400
4 0.7160 0.3100 0.0773 0.1360
4 0.8427 0.3280 0.0747 0.1560
4 0.8200 0.3760 0.0720 0.1840
4 0.7747 0.2680 0.0560 0.0920
4 0.4467 0.2630 0.0827 0.1180
