13 0.4060 0.7267 0.1120 0.2640
13 0.2980 0.6973 0.1240 0.1840
14 0.0700 0.6453 0.0440 0.1653
14 0.1220 0.6547 0.0560 0.2053
14 0.1730 0.6573 0.0540 0.2000
14 0.1820 0.6293 0.0360 0.1973
14 0.2090 0.6320 0.0420 0.2400
14 0.2940 0.6480 0.1160 0.2933
14 0.4140 0.6600 0.1240 0.3707
14 0.5200 0.6867 0.0560 0.2853
14 0.5940 0.6813 0.0440 0.2640
14 0.6310 0.6787 0.0460 0.2693
11 0.6670 0.7787 0.0980 0.1013
14 0.6860 0.6720 0.0520 0.1867
14 0.7540 0.6973 0.0600 0.2320
14 0.8080 0.7040 0.0400 0.2347
14 0.8590 0.6733 0.0620 0.2907
14 0.7100 0.6733 0.0440 0.2747
14 0.4930 0.5973 0.0340 0.1333
