2 0.2440 0.1835 0.1360 0.1011
2 0.3660 0.2912 0.1360 0.1037
2 0.3700 0.2088 0.1400 0.1144
2 0.3790 0.9122 0.1540 0.1064
2 0.6330 0.8617 0.2180 0.1277
2 0.8260 0.8085 0.1640 0.1011
2 0.9430 0.5266 0.1140 0.1223
2 0.6280 0.5199 0.1920 0.1144
2 0.7640 0.3763 0.1480 0.1090
2 0.7920 0.0625 0.1520 0.0984
2 0.5830 0.0678 0.1260 0.1037
2 0.6650 0.1051 0.1260 0.0771
2 0.1780 0.2527 0.1280 0.1170
2 0.2560 0.8391 0.2120 0.1410
2 0.4570 0.8191 0.1180 0.1223
2 0.7320 0.7832 0.1720 0.1037
2 0.7290 0.5745 0.1420 0.0851
2 0.4320 0.7314 0.2320 0.1543
2 0.2850 0.6197 0.1540 0.1277
2 0.2300 0.4601 0.1360 0.1649
2 0.3690 0.4136 0.1380 0.1463
2 0.8230 0.3045 0.1660 0.1250
2 0.6390 0.2553 0.1300 0.1383
2 0.4170 0.1489 0.1020 0.0957
2 0.3390 0.1250 0.0780 0.1064
2 0.5000 0.6051 0.1920 0.1356
2 0.9360 0.1197 0.0800 0.1330
2 0.8470 0.1755 0.1460 0.1330
2 0.7370 0.1636 0.1260 0.0771
2 0.7590 0.2141 0.1020 0.1463
2 0.5240 0.3670 0.1440 0.1489
2 0.5230 0.3205 0.1500 0.0984
2 0.6610 0.3418 0.1020 0.1250
2 0.6600 0.4402 0.1360 0.0931
2 0.7550 0.4787 0.1340 0.1117
2 0.9530 0.4202 0.0940 0.1223
2 0.9000 0.0452 0.0960 0.0745
2 0.8650 0.2527 0.1420 0.1011
2 0.5490 0.1928 0.0940 0.1250
2 0.5940 0.1343 0.0960 0.1250
2 0.4500 0.2620 0.0880 0.1144
2 0.9300 0.3045 0.1280 0.0665
