16 0.7450 0.4600 0.3100 0.2360
16 0.6250 0.3340 0.2980 0.0760
16 0.6920 0.3190 0.3040 0.0740
16 0.3020 0.4060 0.3080 0.2840
16 0.0700 0.3120 0.1360 0.1920
16 0.3020 0.2380 0.1880 0.0480
16 0.5260 0.2500 0.1240 0.0600
16 0.5390 0.2370 0.2580 0.0740
16 0.4970 0.4720 0.2380 0.2480
16 0.9280 0.2570 0.1160 0.0660
16 0.1470 0.3630 0.2620 0.2180
16 0.9540 0.3260 0.0920 0.1600
16 0.9760 0.2100 0.0440 0.0640
16 0.7880 0.2460 0.1000 0.0720
16 0.8100 0.2630 0.1240 0.0540
16 0.8810 0.3900 0.1140 0.2280
16 0.6730 0.2590 0.1380 0.0780
16 0.2730 0.2790 0.0500 0.0580
16 0.1820 0.2510 0.1040 0.0500
