1 0.7000 0.7332 0.0720 0.1983
1 0.7630 0.6592 0.0620 0.1620
1 0.5470 0.7500 0.0580 0.2263
1 0.3880 0.7682 0.1040 0.2011
1 0.1560 0.7793 0.0960 0.2291
14 0.3850 0.6536 0.1100 0.3799
14 0.1660 0.6453 0.1120 0.3073
14 0.5430 0.6439 0.1020 0.3547
14 0.7040 0.6243 0.1160 0.3827
14 0.0960 0.6858 0.0680 0.3324
14 0.0250 0.6634 0.0460 0.3547
14 0.8280 0.5698 0.0520 0.2570
14 0.8830 0.5782 0.0500 0.2682
14 0.9260 0.5670 0.0440 0.2737
14 0.9650 0.5587 0.0580 0.2793
14 0.9910 0.5559 0.0180 0.2570
5 0.5340 0.5293 0.2040 0.2709
5 0.6710 0.5237 0.3060 0.3101
