2 0.9270 0.4280 0.0500 0.0613
2 0.6680 0.5240 0.0800 0.0667
2 0.7470 0.3773 0.0420 0.0507
2 0.4450 0.5067 0.0780 0.0800
2 0.3480 0.5547 0.0720 0.0640
2 0.0880 0.5240 0.0440 0.0720
2 0.1600 0.4973 0.0440 0.0560
2 0.1870 0.4947 0.0460 0.0560
2 0.1320 0.6747 0.0640 0.0373
2 0.1920 0.6480 0.0400 0.0533
2 0.2660 0.5187 0.0600 0.0560
2 0.3170 0.4840 0.0380 0.0613
2 0.2990 0.4493 0.0660 0.0453
2 0.3060 0.4027 0.0640 0.0640
2 0.3790 0.4120 0.0740 0.0347
2 0.2960 0.6253 0.0640 0.0453
2 0.2300 0.6107 0.0640 0.0373
2 0.2480 0.6347 0.0520 0.0373
14 0.3630 0.7213 0.0820 0.2907
14 0.4740 0.7427 0.0960 0.2320
14 0.5000 0.6373 0.0520 0.1013
14 0.5460 0.7507 0.1000 0.2160
14 0.5180 0.7187 0.0560 0.0933
