4 0.5040 0.5763 0.0280 0.1582
4 0.5540 0.6059 0.0280 0.1384
4 0.5900 0.5607 0.0280 0.1554
4 0.6080 0.5706 0.0240 0.0904
4 0.5420 0.6949 0.0400 0.2203
4 0.4170 0.6328 0.0220 0.0847
4 0.4130 0.6963 0.0300 0.0989
4 0.3690 0.8418 0.0420 0.1695
14 0.5480 0.4816 0.1720 0.2119
14 0.3490 0.5325 0.0860 0.2401
14 0.2670 0.5791 0.1020 0.3446
14 0.1900 0.6370 0.1040 0.3531
14 0.1100 0.6850 0.2080 0.4944
14 0.7350 0.5155 0.1060 0.3023
14 0.8840 0.4294 0.0800 0.1186
14 0.7960 0.6215 0.2400 0.4972
14 0.8550 0.7105 0.2900 0.5282
10 0.4710 0.7938 0.5980 0.4124
4 0.6380 0.8037 0.0400 0.1723
15 0.5210 0.2246 0.1220 0.2006
