6 0.5090 0.5435 0.6700 0.6126
6 0.1580 0.4249 0.3120 0.2372
6 0.9720 0.4009 0.0560 0.1471
14 0.0650 0.4174 0.1220 0.3423
14 0.9400 0.4054 0.0600 0.2342
6 0.1740 0.7718 0.3440 0.4565
14 0.9650 0.6877 0.0700 0.6246
14 0.9490 0.1486 0.0260 0.0811
14 0.7950 0.1517 0.0300 0.0691
14 0.7610 0.1411 0.0300 0.0841
14 0.7310 0.1426 0.0300 0.0571
14 0.6780 0.1351 0.0200 0.0541
14 0.5390 0.1276 0.0260 0.0571
14 0.5650 0.1336 0.0220 0.0390
14 0.5950 0.1411 0.0140 0.0420
14 0.6270 0.1441 0.0180 0.0480
14 0.9060 0.1517 0.0240 0.0631
