14 0.4850 0.6173 0.6500 0.7653
14 0.9110 0.4747 0.0780 0.1653
14 0.8090 0.4480 0.0940 0.1227
10 0.9020 0.7920 0.1960 0.4160
10 0.7520 0.5240 0.1160 0.1040
10 0.3630 0.4733 0.0860 0.0560
10 0.3130 0.6187 0.2100 0.2507
10 0.0830 0.9293 0.1620 0.1413
10 0.0550 0.5253 0.1020 0.1493
8 0.9080 0.8213 0.1840 0.3573
8 0.1840 0.6093 0.1720 0.2693
8 0.3020 0.4693 0.0640 0.0640
8 0.3830 0.6320 0.1660 0.2827
8 0.0840 0.5307 0.0920 0.1707
8 0.1510 0.4960 0.0780 0.1227
8 0.2490 0.5067 0.1100 0.0693
8 0.4150 0.4800 0.0940 0.0747
8 0.4360 0.5187 0.0880 0.0720
8 0.8540 0.5467 0.1080 0.1440
8 0.0330 0.4573 0.0620 0.0133
