6 0.4940 0.5293 0.9000 0.6800
6 0.8230 0.1373 0.1260 0.0667
6 0.6750 0.1360 0.1860 0.0747
6 0.7810 0.3440 0.4380 0.3413
6 0.5190 0.1520 0.1780 0.0907
6 0.2580 0.2000 0.2560 0.1547
6 0.0670 0.2520 0.1300 0.2160
6 0.0590 0.1387 0.1140 0.1013
6 0.1650 0.1360 0.1140 0.0907
6 0.3040 0.1107 0.1240 0.0507
6 0.5730 0.1120 0.0900 0.0640
6 0.0410 0.8253 0.0780 0.3493
14 0.9540 0.1560 0.0920 0.2427
14 0.8790 0.0960 0.0260 0.0640
14 0.8480 0.0840 0.0320 0.0507
14 0.7780 0.0880 0.0440 0.0693
14 0.7380 0.0893 0.0400 0.0773
14 0.7040 0.0733 0.0080 0.0347
14 0.6860 0.0747 0.0320 0.0587
14 0.5790 0.0693 0.0220 0.0320
14 0.5040 0.0653 0.0200 0.0347
14 0.5400 0.0640 0.0280 0.0320
14 0.4030 0.1067 0.0820 0.1387
