4 0.3320 0.1987 0.0600 0.2640
4 0.4100 0.1733 0.0800 0.3360
4 0.4930 0.1720 0.0780 0.3333
4 0.5770 0.1720 0.0820 0.3387
4 0.6640 0.1707 0.0800 0.3307
4 0.7470 0.1707 0.0820 0.3360
4 0.8320 0.1733 0.0800 0.3360
4 0.9100 0.1693 0.0680 0.3333
4 0.9730 0.1680 0.0540 0.3307
4 0.0760 0.7360 0.1360 0.5120
4 0.1910 0.7320 0.1340 0.4987
4 0.2250 0.5680 0.0780 0.2827
4 0.3070 0.7080 0.1220 0.5093
4 0.3480 0.5107 0.0720 0.1680
4 0.4240 0.7213 0.1160 0.5147
4 0.4550 0.4720 0.0420 0.0960
4 0.4980 0.5467 0.0520 0.1920
4 0.5760 0.4720 0.0400 0.1280
4 0.5970 0.5387 0.0700 0.1867
4 0.7140 0.5440 0.0680 0.1973
4 0.7160 0.4987 0.0840 0.2027
4 0.8300 0.5147 0.0720 0.2400
4 0.9560 0.4960 0.0880 0.2080
4 0.5310 0.7240 0.1180 0.4987
4 0.6450 0.7227 0.1100 0.5013
4 0.7640 0.7253 0.1200 0.4907
4 0.8820 0.7040 0.1200 0.5387
4 0.9680 0.7280 0.0640 0.4907
