8 0.8650 0.8173 0.1580 0.3653
8 0.6630 0.7453 0.1460 0.3227
8 0.3790 0.7387 0.1620 0.3360
8 0.3590 0.7053 0.1140 0.3173
8 0.2070 0.9533 0.1300 0.0933
8 0.1230 0.7907 0.1820 0.2960
8 0.5040 0.5880 0.0560 0.2213
8 0.5580 0.5747 0.0520 0.2053
10 0.2750 0.7000 0.2380 0.4347
10 0.8020 0.5947 0.1720 0.1760
14 0.4170 0.5227 0.1060 0.2080
14 0.4640 0.4693 0.0760 0.1760
14 0.3780 0.4387 0.0760 0.1147
14 0.2900 0.4600 0.1000 0.1467
14 0.2210 0.4560 0.0900 0.1760
14 0.1690 0.4440 0.0900 0.0560
14 0.1780 0.5573 0.0680 0.1493
14 0.1150 0.4733 0.0380 0.0880
14 0.1340 0.6560 0.2480 0.5547
14 0.6110 0.4600 0.0580 0.1360
14 0.6420 0.4840 0.1080 0.1573
14 0.7070 0.6600 0.1580 0.4187
14 0.9700 0.6480 0.0600 0.3893
14 0.8340 0.6920 0.2480 0.5520
