10 0.7300 0.5241 0.2840 0.1627
10 0.6650 0.4277 0.1220 0.0542
10 0.3900 0.4744 0.1960 0.1054
10 0.2960 0.4081 0.1040 0.0633
10 0.1270 0.4699 0.1980 0.1386
10 0.4310 0.7786 0.5340 0.4367
8 0.9410 0.5181 0.0740 0.1386
8 0.8230 0.6370 0.1220 0.2319
8 0.7180 0.7440 0.1080 0.3193
8 0.6170 0.5527 0.1180 0.1536
8 0.7950 0.4398 0.0420 0.0602
8 0.5630 0.4413 0.0540 0.1175
8 0.5020 0.4352 0.0200 0.0392
8 0.4730 0.5015 0.0820 0.0934
8 0.3840 0.4036 0.0440 0.0361
8 0.2600 0.4925 0.0640 0.1054
8 0.1350 0.4925 0.0980 0.1114
8 0.0390 0.5648 0.0740 0.1295
8 0.1080 0.7877 0.2000 0.3705
8 0.4610 0.9277 0.3220 0.1446
