6 0.3310 0.4867 0.0740 0.0667
6 0.2630 0.4973 0.0740 0.0880
14 0.7000 0.5400 0.0320 0.0987
14 0.2400 0.5067 0.0480 0.0533
14 0.3060 0.5400 0.0440 0.1360
13 0.3080 0.5653 0.0440 0.0853
14 0.4130 0.5480 0.0420 0.1200
13 0.1060 0.7013 0.1240 0.1973
13 0.2530 0.7240 0.1140 0.2000
13 0.3910 0.7867 0.1180 0.2453
13 0.5640 0.8573 0.1520 0.2693
13 0.4780 0.6320 0.0920 0.1547
13 0.1960 0.6480 0.0760 0.1600
14 0.5700 0.7653 0.1160 0.3040
14 0.3970 0.7133 0.0860 0.2480
14 0.2570 0.6507 0.0980 0.2133
14 0.1190 0.6347 0.0940 0.2240
14 0.1980 0.5960 0.0640 0.1733
6 0.8720 0.6933 0.2560 0.3413
13 0.6060 0.5893 0.0680 0.0907
13 0.6550 0.6000 0.0220 0.0480
14 0.6040 0.5627 0.0480 0.1227
14 0.6460 0.5400 0.0280 0.0773
14 0.0310 0.5347 0.0380 0.1307
14 0.0740 0.5227 0.0440 0.0693
14 0.1480 0.4960 0.0360 0.0587
14 0.1670 0.4867 0.0260 0.0453
13 0.1540 0.5520 0.0360 0.0853
13 0.0720 0.6013 0.0520 0.1040
5 0.1400 0.3987 0.0360 0.0453
14 0.7870 0.5613 0.0300 0.1040
14 0.7630 0.5707 0.0340 0.1013
14 0.8250 0.5667 0.0460 0.0560
14 0.4760 0.5867 0.0640 0.1600
